Testing

list=[[1],[1, 2, 3, 4, 5, 6, 7, 8, 9, 10],[7, 6, 6, 3, 9, 3, 2, 4, 8, 10, 7, 5, 1, 5, 1, 5, 3, 2, 3, 3, 3, 3, 1, 2]]
for i in list:
    print(mergesort(i))

[1]
[1, 2, 3, 4, 5, 6, 7, 8, 9, 10]
[1, 1, 1, 2, 2, 2, 3, 3, 3, 3, 3, 3, 3, 4, 5, 5, 5, 6, 6, 7, 7, 8, 9, 10]


list=[[1],[1, 2, 3, 4, 5, 6, 7, 8, 9, 10],[5, 3, 7, 5, 5, 1, 2, 10, 3, 3, 3, 2, 3, 4, 7, 1, 1],[1, 1, 1, 1, 1, 1, 2, 1, 1, 1, 1, 1, 1, 1, 1]]
for i in list:
    print(frequencyCount(i))

[[1, 1]]
[[1, 1], [2, 1], [3, 1], [4, 1], [5, 1], [6, 1], [7, 1], [8, 1], [9, 1], [10, 1]]       
[[1, 3], [2, 2], [3, 5], [4, 1], [5, 3], [7, 2], [10, 1]]
[[1, 14], [2, 1]]


list1=[[],[1,2,3],[1, 2, 3, 4, 5, 6, 7, 8, 9, 10]]
list2=[[],[],[10, 9, 8, 7, 6, 5, 4, 3, 2, 1]]
for i in range(len(list1)):
    print(Intersect(list1[i],list2[i]))
    print(equalSet(list1[i],list2[i]))
    print(Difference(list1[i],list2[i]))

[]
True
[]
[]
False
[1, 2, 3]
[1, 2, 3, 4, 5, 6, 7, 8, 9, 10]
True
[]


list=[[7, 6, 6, 3, 9, 3, 2, 4, 8, 10, 7, 5, 1, 5, 1, 5, 3, 2, 3, 3, 3, 3, 1, 2],[1, 2, 3, 4, 5, 6, 7, 8, 9, 10],[1, 1, 1, 1, 1, 1, 2, 1, 1, 1, 1, 1, 1, 1, 1]]
for i in list:
    print(Insert(5,i))
    print(isIn(9,i))
    print(Delete(4,i))

{0: [6, 6, 3, 9, 3, 3, 3, 3, 3, 3], 1: [7, 4, 10, 7, 1, 1, 1], 2: [2, 8, 5, 5, 5, 2, 2, 5]}
True
{0: [6, 6, 3, 9, 3, 3, 3, 3, 3, 3], 1: [7, 10, 7, 1, 1, 1], 2: [2, 8, 5, 5, 5, 2, 2]}   
{0: [3, 6, 9], 1: [1, 4, 7, 10], 2: [2, 5, 8, 5]}
True
{0: [3, 6, 9], 1: [1, 7, 10], 2: [2, 5, 8]}
{0: [], 1: [1, 1, 1, 1, 1, 1, 1, 1, 1, 1, 1, 1, 1, 1], 2: [2, 5]}
False
{0: [], 1: [1, 1, 1, 1, 1, 1, 1, 1, 1, 1, 1, 1, 1, 1], 2: [2]}


list=[[1],[1, 2, 3, 4, 5, 6, 7, 8, 9, 10],[5, 3, 7, 5, 5, 1, 2, 10, 3, 3, 3, 2, 3, 4, 7, 1, 1],[1, 1, 1, 1, 1, 1, 2, 1, 1, 1, 1, 1, 1, 1, 1]]
for i in list:
    print(frequencyCount2(i))

[[1, 1]]
[[7, 1], [1, 1], [8, 1], [2, 1], [9, 1], [3, 1], [10, 1], [4, 1], [5, 1], [6, 1]]       
[[7, 2], [1, 3], [2, 2], [3, 1], [10, 5], [4, 1], [5, 3]]
[[1, 14], [2, 1]]


list1=[[],[1,2,3],[1, 2, 3, 4, 5, 6, 7, 8, 9, 10]]
list2=[[],[],[10, 9, 8, 7, 6, 5, 4, 3, 2, 1]]
for i in range(len(list1)):
    print(Intersect2(list1[i],list2[i]))
    print(equalSet2(list1[i],list2[i]))
    print(Difference2(list1[i],list2[i]))

[]
True
[]
[]
True
[1, 1, 1, 1]
[]
False
[2, 6, 10, 2, 6, 10, 2, 6, 10, 2, 6, 10]


T = makeTree(5,makeTree(10,makeTree(11,leaf(20),emptyTree()),leaf(8)),makeTree(7,emptyTree(),leaf(3)))
print(Ancsestor(20,T))
print(Descendant(10,T))
print(T)

[20]
[10]
{'value': 5, 'left': {'value': 10, 'left': {'value': 11, 'left': {'value': 20, 'left': {}, 'right': {}}, 'right': {}}, 'right': {'value': 8, 'left': {}, 'right': {}}}, 'right': {'value': 7, 'left': {}, 'right': {'value': 3, 'left': {}, 'right': {}}}}
